0 0
1000 80
2000 277
3000 611
4000 1113
5000 1748
6000 2421
7000 3352
8000 4272
9000 5601
10000 6863
11000 8271
12000 10128
13000 12727
14000 13574
15000 15718
16000 17000
17000 19197
18000 23555
19000 23207
20000 26873
21000 28947
22000 33295
23000 34749
24000 37308
25000 40913
26000 45400
27000 50153
28000 52221
29000 56714
30000 60019
31000 64597
32000 69726
33000 73572
34000 78078
35000 81728
36000 86701
37000 88863
38000 94013
39000 98061
40000 103957
41000 110252
42000 116321
43000 122242
44000 129344
45000 137794
46000 142018
47000 146504
48000 149451
49000 156527
50000 166127
51000 173697
52000 179849
53000 187277
54000 196890
55000 202348
56000 205977
57000 213340
58000 220477
59000 227956
60000 236762
61000 246668
62000 252824
63000 257298
64000 269948
65000 279297
66000 287412
67000 295761
68000 308882
69000 315768
70000 324241
71000 336486
72000 338171
73000 346345
74000 363462
75000 370424
76000 379728
77000 383887
78000 400921
79000 410134
80000 416653
81000 425384
82000 441932
83000 454656
84000 464274
85000 474793
86000 487944
87000 493705
88000 500034
89000 517526
90000 530898
91000 548557
92000 554440
93000 565540
94000 581844
95000 602333
96000 600646
97000 620072
98000 628306
99000 645897
100000 659334
