0 0
1000 604
2000 2377
3000 3369
4000 6456
5000 8987
6000 12824
7000 18787
8000 23213
9000 29352
10000 36738
11000 43955
12000 54172
13000 62060
14000 74096
15000 85598
16000 93244
17000 105875
18000 120290
19000 130780
20000 150278
21000 160668
22000 183170
23000 197010
24000 216098
25000 231325
26000 249435
27000 266992
28000 287086
29000 309164
30000 349999
31000 370523
32000 392033
33000 396464
34000 427927
35000 437483
36000 472989
37000 491084
38000 530422
39000 550573
40000 576480
41000 603235
42000 649106
43000 670349
44000 712064
45000 728179
46000 774525
47000 797202
48000 831515
49000 864361
50000 899722
51000 946843
52000 982217
53000 1013670
54000 1050683
55000 1105157
56000 1125303
57000 1170105
58000 1204159
59000 1262646
60000 1297500
61000 1344569
62000 1397837
63000 1426755
64000 1482181
65000 1520031
66000 1562050
67000 1614461
68000 1672673
69000 1711725
70000 1771672
71000 1819022
72000 1867358
73000 1910503
74000 1989352
75000 2035118
76000 2090785
77000 2166612
78000 2199838
79000 2223214
80000 2295147
81000 2382633
82000 2409579
83000 2478959
84000 2556819
85000 2598818
86000 2637499
87000 2723731
88000 2785026
89000 2834983
90000 2857565
91000 2870617
92000 2928361
93000 2997507
94000 3058276
95000 3129450
96000 3209623
97000 3272877
98000 3342233
99000 3404568
100000 3480073
