0 0
1000 692
2000 2807
3000 6402
4000 11171
5000 17365
6000 25248
7000 35223
8000 45325
9000 56756
10000 69126
11000 83197
12000 99747
13000 116040
14000 135472
15000 153798
16000 176176
17000 198421
18000 220866
19000 247046
20000 272318
21000 304588
22000 334809
23000 361953
24000 394905
25000 426874
26000 462859
27000 498129
28000 533534
29000 572284
30000 611687
31000 651460
32000 696782
33000 742860
34000 791687
35000 837922
36000 888907
37000 934941
38000 985136
39000 1054030
40000 1111518
41000 1207674
42000 1245018
43000 1321641
44000 1386487
45000 1444035
46000 1508997
47000 1571852
48000 1649892
49000 1720931
50000 1787420
51000 1870998
52000 1931911
53000 1992408
54000 2075003
55000 2128186
56000 2207138
57000 2301838
58000 2371388
59000 2461259
60000 2542581
61000 2614232
62000 2711231
63000 2783066
64000 2881306
65000 2983438
66000 3041642
67000 3128432
68000 3215528
69000 3341278
70000 3419995
71000 3508580
72000 3629691
73000 3728053
74000 3829125
75000 3934144
76000 4023967
77000 4161785
78000 4248699
79000 4364466
80000 4477680
81000 4579455
82000 4699830
83000 4818903
84000 4933836
85000 5037231
86000 5137845
87000 5283162
88000 5405973
89000 5573750
90000 5699896
91000 5846247
92000 6049127
93000 6158395
94000 6312323
95000 6626738
96000 6593902
97000 6738886
98000 6876247
99000 7028548
100000 7151515
