0 0
1000 2
2000 4
3000 6
4000 8
5000 10
6000 12
7000 14
8000 16
9000 17
10000 19
11000 22
12000 24
13000 33
14000 27
15000 30
16000 32
17000 33
18000 35
19000 38
20000 40
21000 42
22000 43
23000 47
24000 47
25000 50
26000 52
27000 54
28000 57
29000 58
30000 59
31000 61
32000 63
33000 66
34000 67
35000 70
36000 71
37000 77
38000 80
39000 78
40000 82
41000 92
42000 83
43000 85
44000 87
45000 89
46000 92
47000 96
48000 96
49000 100
50000 106
51000 105
52000 105
53000 106
54000 108
55000 110
56000 112
57000 127
58000 124
59000 119
60000 122
61000 134
62000 125
63000 136
64000 141
65000 132
66000 152
67000 151
68000 139
69000 150
70000 142
71000 144
72000 149
73000 160
74000 159
75000 151
76000 164
77000 155
78000 157
79000 160
80000 161
81000 167
82000 168
83000 169
84000 191
85000 172
86000 203
87000 177
88000 212
89000 198
90000 182
91000 189
92000 186
93000 188
94000 207
95000 192
96000 194
97000 196
98000 214
99000 207
100000 209
