0 0
30000 3309
60000 7235
90000 11339
120000 15997
150000 19943
180000 25748
210000 30362
240000 32975
270000 38519
300000 43267
330000 52603
360000 52074
390000 58160
420000 63851
450000 70081
480000 73159
510000 77795
540000 84660
570000 90509
600000 97266
630000 98546
660000 109897
690000 110699
720000 114834
750000 120176
780000 123616
810000 133829
840000 137037
870000 140198
900000 144242
930000 157736
960000 162530
990000 162727
1020000 175874
1050000 218416
1080000 178033
1110000 183434
1140000 192516
1170000 198535
1200000 202192
1230000 209961
1260000 211222
1290000 215331
1320000 236384
1350000 222030
1380000 242146
1410000 242420
1440000 243490
1470000 255034
1500000 265428
1530000 269439
1560000 272837
1590000 276602
1620000 287551
1650000 289793
1680000 299096
1710000 305094
1740000 303740
1770000 339533
1800000 315203
1830000 315372
1860000 333400
1890000 325408
1920000 341734
1950000 349246
1980000 352228
2010000 351389
2040000 365655
2070000 357028
2100000 356783
2130000 362324
2160000 389325
2190000 386826
2220000 383581
2250000 405382
2280000 406287
2310000 403099
2340000 420071
2370000 443917
2400000 432957
2430000 448957
2460000 440901
2490000 442267
2520000 453306
2550000 461030
2580000 463780
2610000 477525
2640000 491191
2670000 473450
2700000 487424
2730000 519286
2760000 514375
2790000 505242
2820000 518636
2850000 510919
2880000 532576
2910000 531148
2940000 538096
2970000 542162
3000000 547230
