0 0
30000 4185
60000 9668
90000 14991
120000 20295
150000 27167
180000 32461
210000 38054
240000 45126
270000 53284
300000 58099
330000 66157
360000 72643
390000 77213
420000 82751
450000 91353
480000 103140
510000 104632
540000 115249
570000 118744
600000 128207
630000 132896
660000 143665
690000 151137
720000 160896
750000 162565
780000 167692
810000 176891
840000 183993
870000 188407
900000 202098
930000 209376
960000 222879
990000 223156
1020000 225854
1050000 273831
1080000 249740
1110000 254277
1140000 259334
1170000 271720
1200000 283637
1230000 276551
1260000 294339
1290000 295789
1320000 308935
1350000 315062
1380000 328853
1410000 334685
1440000 351397
1470000 350486
1500000 356820
1530000 355176
1560000 371331
1590000 373880
1620000 387829
1650000 388808
1680000 410431
1710000 419014
1740000 415396
1770000 466590
1800000 438567
1830000 441625
1860000 452561
1890000 457595
1920000 499606
1950000 469314
1980000 495129
2010000 496487
2040000 496258
2070000 497730
2100000 505572
2130000 518397
2160000 548661
2190000 543307
2220000 555000
2250000 562105
2280000 569025
2310000 574125
2340000 583894
2370000 605485
2400000 613796
2430000 614495
2460000 611853
2490000 657265
2520000 662259
2550000 664224
2580000 664043
2610000 673431
2640000 694845
2670000 694081
2700000 700068
2730000 730721
2760000 757280
2790000 705816
2820000 766215
2850000 744393
2880000 790669
2910000 773024
2940000 775609
2970000 766685
3000000 795743
