0 0
30000 1370
60000 3046
90000 4652
120000 6749
150000 7982
180000 9718
210000 11982
240000 12931
270000 15361
300000 16781
330000 18620
360000 20728
390000 22277
420000 23526
450000 25448
480000 27649
510000 28323
540000 30894
570000 34633
600000 34910
630000 37872
660000 38556
690000 41019
720000 42584
750000 43497
780000 45028
810000 46849
840000 49239
870000 50493
900000 52274
930000 53997
960000 55907
990000 57368
1020000 61049
1050000 63845
1080000 64656
1110000 66375
1140000 70806
1170000 70804
1200000 73036
1230000 74556
1260000 77241
1290000 77157
1320000 78645
1350000 80877
1380000 81534
1410000 83840
1440000 92739
1470000 87087
1500000 89399
1530000 91092
1560000 97080
1590000 98539
1620000 99124
1650000 102022
1680000 99152
1710000 105864
1740000 102812
1770000 109506
1800000 109359
1830000 111282
1860000 110903
1890000 111447
1920000 112960
1950000 118012
1980000 117789
2010000 119385
2040000 124162
2070000 122889
2100000 130075
2130000 132079
2160000 131598
2190000 135375
2220000 138213
2250000 139528
2280000 140151
2310000 140267
2340000 144509
2370000 146929
2400000 147287
2430000 148542
2460000 151706
2490000 155224
2520000 158066
2550000 156547
2580000 166245
2610000 172384
2640000 177925
2670000 166681
2700000 172430
2730000 170587
2760000 169638
2790000 174515
2820000 173028
2850000 176488
2880000 176727
2910000 179456
2940000 180903
2970000 182830
3000000 181429
