0 0
30000 925
60000 1821
90000 2937
120000 3925
150000 5265
180000 6262
210000 7430
240000 8499
270000 10556
300000 11389
330000 12224
360000 13928
390000 15095
420000 16691
450000 16914
480000 17792
510000 19911
540000 22532
570000 22999
600000 24324
630000 24701
660000 28038
690000 28644
720000 30186
750000 30308
780000 31294
810000 33672
840000 34052
870000 35614
900000 36241
930000 38373
960000 42913
990000 40191
1020000 41614
1050000 48171
1080000 47563
1110000 49394
1140000 47641
1170000 51425
1200000 50309
1230000 53037
1260000 56656
1290000 54847
1320000 56769
1350000 60085
1380000 60782
1410000 66821
1440000 61591
1470000 66479
1500000 63109
1530000 66044
1560000 66393
1590000 71168
1620000 69614
1650000 70223
1680000 78017
1710000 75915
1740000 79876
1770000 76893
1800000 78476
1830000 81410
1860000 81740
1890000 80767
1920000 85016
1950000 87793
1980000 85282
2010000 83848
2040000 85059
2070000 87577
2100000 95084
2130000 94455
2160000 99656
2190000 104637
2220000 104502
2250000 106565
2280000 108305
2310000 112807
2340000 111840
2370000 113403
2400000 109228
2430000 108368
2460000 119087
2490000 121718
2520000 116564
2550000 114467
2580000 113307
2610000 118767
2640000 116896
2670000 120149
2700000 122384
2730000 124296
2760000 128452
2790000 125732
2820000 129991
2850000 126918
2880000 125455
2910000 126206
2940000 127131
2970000 127979
3000000 129951
