0 0
1000 66
2000 223
3000 459
4000 789
5000 1187
6000 1676
7000 2305
8000 2959
9000 3717
10000 4609
11000 5473
12000 6569
13000 7654
14000 8820
15000 10263
16000 11444
17000 13126
18000 14599
19000 15988
20000 18043
21000 19781
22000 21630
23000 23460
24000 25696
25000 27950
26000 30103
27000 32535
28000 34658
29000 37722
30000 40208
31000 42897
32000 45407
33000 48296
34000 51289
35000 54407
36000 57057
37000 60820
38000 64091
39000 67286
40000 70424
41000 74064
42000 78017
43000 81931
44000 86065
45000 89186
46000 93425
47000 97458
48000 101899
49000 105830
50000 110076
51000 114944
52000 119256
53000 124502
54000 128755
55000 133183
56000 138331
57000 143496
58000 148314
59000 154152
60000 158033
61000 164263
62000 169159
63000 174422
64000 180452
65000 187743
66000 192924
67000 197683
68000 204015
69000 209583
70000 215363
71000 221984
72000 227081
73000 234016
74000 240893
75000 247698
76000 255404
77000 262308
78000 269539
79000 275197
80000 282613
81000 290130
82000 296727
83000 304528
84000 310695
85000 318541
86000 325625
87000 332649
88000 340100
89000 349817
90000 357223
91000 365623
92000 372827
93000 380970
94000 390812
95000 397515
96000 405551
97000 415544
98000 422425
99000 430947
100000 439555
