0 0
1000 261
2000 985
3000 2135
4000 3814
5000 5865
6000 8374
7000 11410
8000 14814
9000 18773
10000 23169
11000 28010
12000 33296
13000 39180
14000 45043
15000 51797
16000 59377
17000 66534
18000 74201
19000 82671
20000 92275
21000 101433
22000 111187
23000 121558
24000 132137
25000 143621
26000 155945
27000 167950
28000 180795
29000 193285
30000 206888
31000 222170
32000 234965
33000 250188
34000 265180
35000 281330
36000 297576
37000 313488
38000 332014
39000 349001
40000 366878
41000 386375
42000 404022
43000 424698
44000 443945
45000 464457
46000 485537
47000 506563
48000 527908
49000 549973
50000 573526
51000 597470
52000 619834
53000 644270
54000 669036
55000 694113
56000 719569
57000 745770
58000 770687
59000 798169
60000 827743
61000 872281
62000 882327
63000 909656
64000 939888
65000 967883
66000 997144
67000 1029461
68000 1058382
69000 1091570
70000 1126180
71000 1156478
72000 1187138
73000 1220981
74000 1256705
75000 1289701
76000 1327831
77000 1363879
78000 1396752
79000 1431706
80000 1469437
81000 1507768
82000 1543435
83000 1582427
84000 1620255
85000 1697651
86000 1700429
87000 1741676
88000 1779620
89000 1819251
90000 1863566
91000 1901144
92000 1945646
93000 1989563
94000 2022328
95000 2071871
96000 2121439
97000 2161186
98000 2209538
99000 2253293
100000 2323440
