0 0
1000 476
2000 2041
3000 4552
4000 7415
5000 11538
6000 16534
7000 22804
8000 29434
9000 37169
10000 46441
11000 55177
12000 65726
13000 77082
14000 89396
15000 103128
16000 116648
17000 132109
18000 147414
19000 165950
20000 182447
21000 203719
22000 224512
23000 247883
24000 267346
25000 298736
26000 323143
27000 340473
28000 364135
29000 388580
30000 416013
31000 444034
32000 475584
33000 501040
34000 536000
35000 568610
36000 599728
37000 635980
38000 667306
39000 702263
40000 739364
41000 774956
42000 815045
43000 858049
44000 893797
45000 930431
46000 971516
47000 1015151
48000 1064709
49000 1101572
50000 1152219
51000 1199040
52000 1245041
53000 1289543
54000 1356845
55000 1412054
56000 1440250
57000 1529396
58000 1587535
59000 1599250
60000 1652382
61000 1709556
62000 1766241
63000 1828447
64000 1920500
65000 1941090
66000 2001580
67000 2060545
68000 2124380
69000 2427171
70000 2306630
71000 2390118
72000 2439177
73000 2517920
74000 2587649
75000 2649697
76000 2705243
77000 2774811
78000 2846554
79000 2937055
80000 3015841
81000 3084767
82000 3131240
83000 3177696
84000 3246400
85000 3324006
86000 3401371
87000 3481882
88000 3560342
89000 3645579
90000 3725060
91000 3964370
92000 3902046
93000 3972556
94000 4052759
95000 4138760
96000 4233887
97000 4317699
98000 4739725
99000 4745052
100000 4606094
