0 0
1000 17
2000 40
3000 61
4000 86
5000 113
6000 138
7000 159
8000 197
9000 216
10000 254
11000 275
12000 305
13000 330
14000 362
15000 386
16000 440
17000 444
18000 484
19000 515
20000 539
21000 564
22000 595
23000 632
24000 666
25000 696
26000 717
27000 766
28000 802
29000 827
30000 838
31000 869
32000 903
33000 965
34000 985
35000 1000
36000 1037
37000 1081
38000 1103
39000 1165
40000 1215
41000 1191
42000 1241
43000 1305
44000 1317
45000 1325
46000 1359
47000 1409
48000 1446
49000 1491
50000 1497
51000 1538
52000 1553
53000 1603
54000 1664
55000 1651
56000 1739
57000 1719
58000 1753
59000 1776
60000 1907
61000 1865
62000 1879
63000 1932
64000 1995
65000 2007
66000 2024
67000 2055
68000 2123
69000 2130
70000 2156
71000 2232
72000 2306
73000 2258
74000 2324
75000 2319
76000 2399
77000 2434
78000 2446
79000 2501
80000 2529
81000 2588
82000 2591
83000 2627
84000 2673
85000 2757
86000 2732
87000 2790
88000 2832
89000 2859
90000 2889
91000 2925
92000 2930
93000 2984
94000 3066
95000 3061
96000 3074
97000 3111
98000 3178
99000 3206
100000 3224
