0 0
30000 2762
60000 5721
90000 8734
120000 11712
150000 15510
180000 19054
210000 20648
240000 26039
270000 27270
300000 31369
330000 34240
360000 39775
390000 42319
420000 44636
450000 46328
480000 50637
510000 54234
540000 58305
570000 61554
600000 63789
630000 69009
660000 70740
690000 76135
720000 77818
750000 84119
780000 84884
810000 89481
840000 95958
870000 100301
900000 102705
930000 105958
960000 110768
990000 114048
1020000 115698
1050000 122730
1080000 125878
1110000 131334
1140000 133761
1170000 144202
1200000 142154
1230000 147542
1260000 147703
1290000 153671
1320000 160326
1350000 162342
1380000 165699
1410000 174960
1440000 174973
1470000 187230
1500000 200290
1530000 197370
1560000 198905
1590000 210720
1620000 215175
1650000 217023
1680000 219789
1710000 229696
1740000 242278
1770000 230331
1800000 246106
1830000 246661
1860000 249119
1890000 255024
1920000 264838
1950000 271281
1980000 268916
2010000 277217
2040000 284524
2070000 285000
2100000 283652
2130000 294968
2160000 311180
2190000 312830
2220000 308149
2250000 325385
2280000 329974
2310000 329584
2340000 338976
2370000 342481
2400000 343878
2430000 356296
2460000 359597
2490000 370137
2520000 366851
2550000 369102
2580000 386485
2610000 386684
2640000 387713
2670000 393295
2700000 403416
2730000 412661
2760000 405505
2790000 423895
2820000 422224
2850000 434190
2880000 431327
2910000 442705
2940000 441048
2970000 453160
3000000 454806
