0 0
30000 3334
60000 7908
90000 11238
120000 15925
150000 20295
180000 21957
210000 27429
240000 31661
270000 34330
300000 40476
330000 46276
360000 50579
390000 51441
420000 58725
450000 61816
480000 66112
510000 68835
540000 73472
570000 83071
600000 86429
630000 87550
660000 98356
690000 97889
720000 122287
750000 102392
780000 110738
810000 115666
840000 119002
870000 121485
900000 127292
930000 132915
960000 134892
990000 142739
1020000 145189
1050000 151667
1080000 156815
1110000 165298
1140000 166028
1170000 169444
1200000 174637
1230000 179694
1260000 182156
1290000 189147
1320000 191352
1350000 198819
1380000 200611
1410000 205975
1440000 212249
1470000 222115
1500000 225075
1530000 227041
1560000 236063
1590000 246700
1620000 244111
1650000 251876
1680000 252848
1710000 259194
1740000 267851
1770000 272764
1800000 279281
1830000 286880
1860000 286738
1890000 289286
1920000 298485
1950000 302046
1980000 309989
2010000 315327
2040000 325215
2070000 328093
2100000 333275
2130000 344074
2160000 345960
2190000 355771
2220000 357636
2250000 356091
2280000 368380
2310000 371806
2340000 380443
2370000 389178
2400000 394868
2430000 401406
2460000 404159
2490000 406719
2520000 422254
2550000 421562
2580000 437116
2610000 431369
2640000 445395
2670000 450705
2700000 455875
2730000 461362
2760000 464267
2790000 480144
2820000 480308
2850000 478567
2880000 490606
2910000 498708
2940000 507595
2970000 513676
3000000 524075
