0 0
30000 1851
60000 4637
90000 6714
120000 9938
150000 10382
180000 13026
210000 15929
240000 16937
270000 19167
300000 19999
330000 22272
360000 25328
390000 29726
420000 29735
450000 32281
480000 34182
510000 34902
540000 41653
570000 45790
600000 42510
630000 47170
660000 48604
690000 52222
720000 55745
750000 57272
780000 62005
810000 61431
840000 64503
870000 66465
900000 69656
930000 70682
960000 75506
990000 75844
1020000 80102
1050000 89135
1080000 94486
1110000 89837
1140000 95826
1170000 99874
1200000 97070
1230000 99929
1260000 107002
1290000 111355
1320000 109731
1350000 116265
1380000 122442
1410000 134847
1440000 127298
1470000 129046
1500000 132474
1530000 135035
1560000 139097
1590000 137100
1620000 142419
1650000 142792
1680000 147043
1710000 148606
1740000 152081
1770000 157550
1800000 162246
1830000 186337
1860000 170664
1890000 175924
1920000 175282
1950000 179616
1980000 181028
2010000 187475
2040000 191009
2070000 200689
2100000 202667
2130000 208932
2160000 208948
2190000 214598
2220000 223289
2250000 230685
2280000 226802
2310000 233436
2340000 233949
2370000 237645
2400000 243780
2430000 249268
2460000 258260
2490000 258086
2520000 260155
2550000 265201
2580000 268298
2610000 275786
2640000 275805
2670000 283090
2700000 285483
2730000 292858
2760000 294853
2790000 299629
2820000 300873
2850000 309547
2880000 311767
2910000 318044
2940000 323567
2970000 326019
3000000 347297
