0 0
30000 1569
60000 3709
90000 6345
120000 7355
150000 8947
180000 11230
210000 14751
240000 16274
270000 16571
300000 19275
330000 21654
360000 22676
390000 25961
420000 27822
450000 29114
480000 31561
510000 33462
540000 36934
570000 41609
600000 43184
630000 44299
660000 47212
690000 51116
720000 51132
750000 54406
780000 56186
810000 58744
840000 65802
870000 64864
900000 67424
930000 68661
960000 72892
990000 73278
1020000 80296
1050000 82776
1080000 90877
1110000 87667
1140000 89414
1170000 93547
1200000 96637
1230000 99931
1260000 104738
1290000 103917
1320000 109539
1350000 112871
1380000 120959
1410000 117678
1440000 122713
1470000 131809
1500000 132509
1530000 133729
1560000 135730
1590000 141540
1620000 147103
1650000 154185
1680000 150551
1710000 153355
1740000 157471
1770000 162146
1800000 166904
1830000 167303
1860000 176549
1890000 182116
1920000 181983
1950000 186027
1980000 193272
2010000 192504
2040000 200628
2070000 203581
2100000 204377
2130000 212265
2160000 215208
2190000 217810
2220000 218928
2250000 224749
2280000 230573
2310000 241078
2340000 240813
2370000 242983
2400000 250536
2430000 250184
2460000 259199
2490000 257028
2520000 257441
2550000 265501
2580000 279123
2610000 281806
2640000 297583
2670000 290793
2700000 305914
2730000 306112
2760000 315993
2790000 330097
2820000 316161
2850000 312470
2880000 330244
2910000 331341
2940000 338212
2970000 340395
3000000 347730
