0 0
1000 711
2000 2838
3000 6303
4000 11164
5000 17170
6000 24865
7000 33967
8000 43846
9000 55597
10000 68841
11000 83280
12000 98755
13000 116589
14000 134997
15000 155176
16000 176721
17000 200162
18000 228993
19000 261333
20000 276038
21000 303176
22000 332522
23000 362743
24000 395250
25000 429689
26000 463940
27000 500534
28000 539594
29000 579861
30000 622485
31000 663041
32000 707678
33000 751218
34000 799411
35000 846184
36000 894803
37000 945922
38000 996684
39000 1047530
40000 1101738
41000 1162398
42000 1217773
43000 1278748
44000 1336720
45000 1400070
46000 1461682
47000 1526760
48000 1590037
49000 1660126
50000 1726528
51000 1802524
52000 1870687
53000 1944607
54000 2018001
55000 2089600
56000 2176254
57000 2257704
58000 2326505
59000 2404769
60000 2488109
61000 2571824
62000 2669322
63000 2752766
64000 2842188
65000 2948094
66000 3010745
67000 3109912
68000 3217887
69000 3305257
70000 3414616
71000 3509424
72000 3605729
73000 3688933
74000 3779093
75000 3899704
76000 3969190
77000 4040484
78000 4177636
79000 4306441
80000 4377751
81000 4491378
82000 4645234
83000 4755144
84000 4874894
85000 4988339
86000 5125492
87000 5223769
88000 5260005
89000 5369944
90000 5492087
91000 5618695
92000 5816180
93000 5922660
94000 6019387
95000 6135546
96000 6324828
97000 6422792
98000 6550010
99000 6687746
100000 6874836
