0 0
1000 1130
2000 4318
3000 8838
4000 15708
5000 24596
6000 37050
7000 48002
8000 65161
9000 79541
10000 98999
11000 121012
12000 145159
13000 171553
14000 200421
15000 234881
16000 264400
17000 299957
18000 339080
19000 379664
20000 423854
21000 471471
22000 516501
23000 570306
24000 628154
25000 690759
26000 763998
27000 831993
28000 914294
29000 1003445
30000 1083862
31000 1180377
32000 1279437
33000 1388401
34000 1502374
35000 1616022
36000 1736443
37000 1858990
38000 1994566
39000 2129461
40000 2276402
41000 2420368
42000 2569462
43000 2719042
44000 2873663
45000 3042967
46000 3215753
47000 3378720
48000 3541869
49000 3730084
50000 3899375
51000 4092271
52000 4287256
53000 4475232
54000 4696009
55000 4895221
56000 5112328
57000 5310954
58000 5514080
59000 5725776
60000 5939919
61000 6186372
62000 6431070
63000 6657788
64000 6897457
65000 7137311
66000 7389350
67000 7654100
68000 7879525
69000 8171096
70000 8404760
71000 8677936
72000 9067557
73000 9382928
74000 9668519
75000 9962947
76000 10251927
77000 10566965
78000 10892602
79000 11155020
80000 11526512
81000 11887727
82000 12146073
83000 12399155
84000 12721485
85000 12962980
86000 13281882
87000 13616515
88000 13909636
89000 14307951
90000 14627277
91000 15096993
92000 15560754
93000 15868952
94000 16266000
95000 16480337
96000 17076186
97000 17369245
98000 17711948
99000 18112863
100000 18551241
