0 0
1000 1293
2000 5075
3000 11419
4000 20162
5000 32125
6000 46005
7000 63288
8000 83394
9000 106881
10000 132476
11000 161518
12000 193808
13000 227877
14000 265387
15000 303482
16000 344811
17000 389058
18000 436275
19000 488426
20000 539350
21000 593629
22000 652534
23000 710618
24000 774223
25000 840697
26000 908808
27000 980404
28000 1057909
29000 1131685
30000 1214238
31000 1295428
32000 1380295
33000 1474122
34000 1556349
35000 1646739
36000 1742880
37000 1849532
38000 1947741
39000 2223089
40000 2188781
41000 2257797
42000 2383564
43000 2493594
44000 2612494
45000 2730937
46000 2854259
47000 3011447
48000 3141087
49000 3281540
50000 3411196
51000 3548512
52000 3646593
53000 3821154
54000 3958417
55000 4088323
56000 4281603
57000 4422734
58000 4559096
59000 4717073
60000 4893635
61000 5045417
62000 5242250
63000 5391598
64000 5552884
65000 5738468
66000 5869481
67000 6062871
68000 6277701
69000 6452503
70000 6668926
71000 6829562
72000 7055817
73000 7234350
74000 7420945
75000 7602529
76000 7857053
77000 8037213
78000 8199913
79000 8387815
80000 8683887
81000 8897179
82000 9108356
83000 9337750
84000 9521762
85000 9844796
86000 10077412
87000 10265111
88000 10461326
89000 10741080
90000 10973649
91000 11345910
92000 11468674
93000 11723265
94000 11990473
95000 12241853
96000 12484371
97000 12706460
98000 13058446
99000 13372554
100000 13617875
