0 0
1000 1
2000 2
3000 3
4000 4
5000 6
6000 7
7000 8
8000 9
9000 11
10000 12
11000 13
12000 14
13000 15
14000 16
15000 18
16000 19
17000 20
18000 23
19000 22
20000 24
21000 27
22000 26
23000 27
24000 28
25000 30
26000 32
27000 32
28000 33
29000 34
30000 36
31000 37
32000 38
33000 39
34000 40
35000 43
36000 45
37000 50
38000 45
39000 52
40000 51
41000 49
42000 50
43000 54
44000 54
45000 57
46000 57
47000 56
48000 57
49000 67
50000 66
51000 65
52000 63
53000 63
54000 65
55000 66
56000 68
57000 88
58000 71
59000 72
60000 77
61000 89
62000 81
63000 80
64000 78
65000 84
66000 80
67000 84
68000 81
69000 88
70000 85
71000 86
72000 88
73000 91
74000 125
75000 92
76000 93
77000 100
78000 115
79000 97
80000 108
81000 110
82000 131
83000 104
84000 102
85000 116
86000 110
87000 120
88000 112
89000 108
90000 109
91000 110
92000 117
93000 128
94000 119
95000 125
96000 127
97000 137
98000 126
99000 140
100000 132
