0 0
1000 497
2000 1905
3000 4257
4000 7459
5000 11533
6000 16548
7000 22904
8000 29433
9000 37290
10000 45932
11000 55453
12000 66011
13000 77565
14000 90027
15000 103335
16000 117162
17000 132195
18000 148143
19000 165300
20000 183130
21000 201635
22000 221356
23000 241692
24000 262742
25000 286131
26000 308600
27000 333151
28000 358239
29000 384647
30000 410443
31000 438884
32000 467780
33000 497688
34000 528055
35000 559111
36000 591902
37000 624882
38000 659825
39000 694274
40000 730139
41000 767209
42000 805316
43000 844328
44000 883508
45000 923614
46000 965545
47000 1007102
48000 1050379
49000 1095118
50000 1141902
51000 1185600
52000 1233342
53000 1280087
54000 1329268
55000 1383340
56000 1430382
57000 1481396
58000 1535915
59000 1588377
60000 1641025
61000 1696294
62000 1751164
63000 1807846
64000 1866776
65000 1925612
66000 1987144
67000 2046003
68000 2108059
69000 2169588
70000 2233455
71000 2298702
72000 2363414
73000 2428881
74000 2498150
75000 2568348
76000 2636574
77000 2705659
78000 2774321
79000 2847350
80000 2918345
81000 2992755
82000 3065426
83000 3140577
84000 3218213
85000 3291604
86000 3372946
87000 3450346
88000 3529539
89000 3613997
90000 3692469
91000 3777983
92000 3858483
93000 3941979
94000 4027279
95000 4114585
96000 4202389
97000 4290673
98000 4378520
99000 4510240
100000 4563560
