0 0
1000 520
2000 1956
3000 4393
4000 7949
5000 11812
6000 18247
7000 23451
8000 30138
9000 38101
10000 47857
11000 56524
12000 68083
13000 78164
14000 90455
15000 103608
16000 118687
17000 133077
18000 148961
19000 165821
20000 183732
21000 202417
22000 221723
23000 242593
24000 263909
25000 287000
26000 310174
27000 334549
28000 359146
29000 384737
30000 412157
31000 439538
32000 468995
33000 498698
34000 528620
35000 560140
36000 593416
37000 626808
38000 660835
39000 695621
40000 732854
41000 768027
42000 806323
43000 844820
44000 885644
45000 926382
46000 967496
47000 1010768
48000 1053956
49000 1096903
50000 1143006
51000 1189025
52000 1234929
53000 1282542
54000 1331428
55000 1381422
56000 1432754
57000 1484746
58000 1538074
59000 1590156
60000 1645707
61000 1700133
62000 1756771
63000 1813538
64000 1880523
65000 1931539
66000 1990851
67000 2053026
68000 2119335
69000 2176640
70000 2238477
71000 2302776
72000 2367181
73000 2435730
74000 2502194
75000 2569139
76000 2638038
77000 2709449
78000 2776752
79000 2849511
80000 2923766
81000 3002865
82000 3072912
83000 3150313
84000 3226292
85000 3298336
86000 3377751
87000 3456937
88000 3540078
89000 3621226
90000 3702792
91000 3786720
92000 3869762
93000 3951241
94000 4030795
95000 4115533
96000 4206779
97000 4289346
98000 4383545
99000 4476685
100000 4562926
