0 0
1000 640
2000 2622
3000 5817
4000 10197
5000 15724
6000 22792
7000 31705
8000 41132
9000 50146
10000 61851
11000 72264
12000 87200
13000 99330
14000 116207
15000 136641
16000 157057
17000 181619
18000 205386
19000 226120
20000 247990
21000 284816
22000 323303
23000 369219
24000 415548
25000 468899
26000 526142
27000 588125
28000 641394
29000 712616
30000 784260
31000 859342
32000 935221
33000 1011018
34000 1111102
35000 1194280
36000 1280643
37000 1383234
38000 1467265
39000 1563944
40000 1667728
41000 1748165
42000 1864366
43000 1959920
44000 2064830
45000 2189902
46000 2298697
47000 2414939
48000 2534406
49000 2646726
50000 2775845
51000 2893609
52000 3027420
53000 3174643
54000 3287468
55000 3414334
56000 3532881
57000 3691500
58000 3807387
59000 3966939
60000 4112549
61000 4249148
62000 4407212
63000 4517849
64000 4689725
65000 4833829
66000 4998041
67000 5126958
68000 5282865
69000 5428885
70000 5566921
71000 5730392
72000 5857892
73000 6033027
74000 6174934
75000 6354422
76000 6499756
77000 6763766
78000 6886043
79000 7038761
80000 7264149
81000 7376886
82000 7557095
83000 7696929
84000 7877016
85000 8004931
86000 8157209
87000 8330231
88000 8513013
89000 8670303
90000 8859269
91000 9068856
92000 9191642
93000 9378108
94000 9525647
95000 9593109
96000 9710499
97000 9905186
98000 10076562
99000 10226829
100000 10417704
