0 0
1000 464
2000 1867
3000 4140
4000 7336
5000 11515
6000 16483
7000 22436
8000 29272
9000 36957
10000 45622
11000 55301
12000 65567
13000 76998
14000 89448
15000 102564
16000 116350
17000 131782
18000 147634
19000 165006
20000 182131
21000 200876
22000 220178
23000 241252
24000 262397
25000 284381
26000 307659
27000 331470
28000 357033
29000 382615
30000 409803
31000 437070
32000 466431
33000 496477
34000 526186
35000 558320
36000 590203
37000 623963
38000 661458
39000 694737
40000 727849
41000 765373
42000 803809
43000 843404
44000 881200
45000 922357
46000 964957
47000 1005776
48000 1050007
49000 1092561
50000 1138981
51000 1186883
52000 1232403
53000 1280254
54000 1328916
55000 1379217
56000 1428373
57000 1481388
58000 1531204
59000 1585747
60000 1640085
61000 1695315
62000 1752440
63000 1807376
64000 1866174
65000 1924353
66000 2009587
67000 2052378
68000 2105489
69000 2173199
70000 2234535
71000 2295627
72000 2359365
73000 2426550
74000 2496186
75000 2562833
76000 2630160
77000 2702813
78000 2774339
79000 2845575
80000 2916490
81000 2989438
82000 3067652
83000 3140999
84000 3219911
85000 3293468
86000 3366525
87000 3450291
88000 3528869
89000 3609575
90000 3689605
91000 3776000
92000 3854940
93000 3939113
94000 4024151
95000 4110750
96000 4201360
97000 4288899
98000 4372592
99000 4464592
100000 4553218
