0 0
30000 4524
60000 9781
90000 14843
120000 20428
150000 25876
180000 31564
210000 36916
240000 42609
270000 49724
300000 55909
330000 59790
360000 68212
390000 73189
420000 78313
450000 85593
480000 90436
510000 102563
540000 107859
570000 117276
600000 117197
630000 130840
660000 135029
690000 145655
720000 150876
750000 159463
780000 158964
810000 175834
840000 171839
870000 175444
900000 185275
930000 193822
960000 198699
990000 205210
1020000 215864
1050000 220223
1080000 231574
1110000 229067
1140000 239420
1170000 246816
1200000 250203
1230000 254932
1260000 268333
1290000 268421
1320000 281188
1350000 285128
1380000 297038
1410000 301878
1440000 313299
1470000 311208
1500000 323403
1530000 322412
1560000 334002
1590000 336781
1620000 352373
1650000 357833
1680000 367605
1710000 377759
1740000 363956
1770000 373023
1800000 375382
1830000 387846
1860000 391859
1890000 396987
1920000 406060
1950000 410805
1980000 418522
2010000 426863
2040000 443031
2070000 441269
2100000 444227
2130000 455529
2160000 453417
2190000 456960
2220000 469757
2250000 474537
2280000 485537
2310000 491708
2340000 500473
2370000 503396
2400000 515585
2430000 608224
2460000 606740
2490000 587259
2520000 551018
2550000 555298
2580000 639107
2610000 622204
2640000 610369
2670000 608423
2700000 606485
2730000 621072
2760000 632459
2790000 650803
2820000 647445
2850000 657841
2880000 682439
2910000 667685
2940000 672994
2970000 688231
3000000 721572
