0 0
30000 5212
60000 11186
90000 17412
120000 24060
150000 31336
180000 37568
210000 44989
240000 52604
270000 58742
300000 66404
330000 73767
360000 81451
390000 88844
420000 95268
450000 103874
480000 113364
510000 118810
540000 126213
570000 134724
600000 144616
630000 152760
660000 160924
690000 169658
720000 176215
750000 185207
780000 193898
810000 203869
840000 209526
870000 221268
900000 230998
930000 237494
960000 249618
990000 255576
1020000 265515
1050000 276435
1080000 282520
1110000 288889
1140000 302916
1170000 312474
1200000 320984
1230000 333424
1260000 343852
1290000 358127
1320000 365238
1350000 372691
1380000 380521
1410000 393012
1440000 404330
1470000 416328
1500000 428366
1530000 443079
1560000 450738
1590000 456741
1620000 467312
1650000 484629
1680000 495510
1710000 501464
1740000 526276
1770000 528452
1800000 537168
1830000 550598
1860000 563937
1890000 575056
1920000 610941
1950000 623222
1980000 617217
2010000 641557
2040000 697076
2070000 705172
2100000 657432
2130000 670747
2160000 668996
2190000 682047
2220000 696739
2250000 709524
2280000 716728
2310000 739663
2340000 738927
2370000 760571
2400000 778660
2430000 774222
2460000 790638
2490000 803467
2520000 812566
2550000 839232
2580000 846050
2610000 869265
2640000 872860
2670000 886779
2700000 905370
2730000 911161
2760000 924556
2790000 942563
2820000 936739
2850000 956061
2880000 969026
2910000 998390
2940000 1014564
2970000 1014349
3000000 1022440
