0 0
30000 4086
60000 8584
90000 13263
120000 18514
150000 24432
180000 28770
210000 33585
240000 39162
270000 46746
300000 53322
330000 56966
360000 60856
390000 66466
420000 72566
450000 77221
480000 82410
510000 88701
540000 94070
570000 101189
600000 103855
630000 110129
660000 116146
690000 120443
720000 130513
750000 133657
780000 138924
810000 145692
840000 150199
870000 157486
900000 161993
930000 168236
960000 174792
990000 180028
1020000 183890
1050000 189814
1080000 196098
1110000 203406
1140000 209528
1170000 218625
1200000 218966
1230000 227863
1260000 232426
1290000 239847
1320000 244109
1350000 251243
1380000 255109
1410000 265086
1440000 267791
1470000 275829
1500000 284325
1530000 290718
1560000 292975
1590000 299251
1620000 306630
1650000 311164
1680000 317902
1710000 324150
1740000 330829
1770000 334403
1800000 342941
1830000 347998
1860000 359119
1890000 361293
1920000 370753
1950000 371630
1980000 378280
2010000 383018
2040000 393022
2070000 399082
2100000 401532
2130000 407687
2160000 416566
2190000 418802
2220000 430570
2250000 432125
2280000 438685
2310000 447887
2340000 454177
2370000 457080
2400000 471261
2430000 474282
2460000 474726
2490000 480910
2520000 491827
2550000 496270
2580000 503608
2610000 509357
2640000 517704
2670000 522163
2700000 535311
2730000 533804
2760000 541168
2790000 547922
2820000 556841
2850000 560207
2880000 565434
2910000 571003
2940000 576747
2970000 579938
3000000 584580
