0 0
30000 4746
60000 9416
90000 14912
120000 22570
150000 26107
180000 32179
210000 38720
240000 41543
270000 47276
300000 54179
330000 59513
360000 66713
390000 69563
420000 77246
450000 80778
480000 87534
510000 91391
540000 96535
570000 102197
600000 107962
630000 112426
660000 117999
690000 122590
720000 127362
750000 131700
780000 138906
810000 143649
840000 148467
870000 153410
900000 157627
930000 165903
960000 167728
990000 173800
1020000 179924
1050000 184248
1080000 188549
1110000 195151
1140000 200901
1170000 204824
1200000 211617
1230000 218634
1260000 222462
1290000 228190
1320000 233665
1350000 243352
1380000 247964
1410000 265655
1440000 294151
1470000 260275
1500000 265666
1530000 300251
1560000 273223
1590000 278503
1620000 284198
1650000 290643
1680000 296527
1710000 302885
1740000 307477
1770000 313344
1800000 316640
1830000 326187
1860000 340238
1890000 346824
1920000 348777
1950000 351547
1980000 362042
2010000 367673
2040000 380053
2070000 377945
2100000 383304
2130000 394072
2160000 401756
2190000 411755
2220000 405154
2250000 409938
2280000 411890
2310000 418893
2340000 428221
2370000 436443
2400000 449965
2430000 453876
2460000 463541
2490000 476863
2520000 471591
2550000 473026
2580000 481687
2610000 489453
2640000 491581
2670000 509448
2700000 515705
2730000 512613
2760000 510982
2790000 515331
2820000 523495
2850000 527167
2880000 530296
2910000 540329
2940000 561390
2970000 566121
3000000 573513
