0 0
30000 3270
60000 7334
90000 11362
120000 15283
150000 19580
180000 24180
210000 28279
240000 32978
270000 37110
300000 41148
330000 46226
360000 50387
390000 56113
420000 60203
450000 63807
480000 68272
510000 72595
540000 77666
570000 81996
600000 87762
630000 92226
660000 96231
690000 101184
720000 107283
750000 111914
780000 116388
810000 129752
840000 126119
870000 132125
900000 135433
930000 140334
960000 145748
990000 151174
1020000 156479
1050000 165240
1080000 163850
1110000 167962
1140000 172624
1170000 176856
1200000 187708
1230000 192989
1260000 198042
1290000 204180
1320000 206969
1350000 212876
1380000 221818
1410000 223483
1440000 227286
1470000 236850
1500000 242125
1530000 249202
1560000 251303
1590000 253105
1620000 261144
1650000 261480
1680000 270717
1710000 277700
1740000 277403
1770000 285723
1800000 292389
1830000 299765
1860000 304495
1890000 310436
1920000 314021
1950000 321290
1980000 324220
2010000 334358
2040000 338664
2070000 343383
2100000 353636
2130000 356657
2160000 358412
2190000 360473
2220000 371482
2250000 378784
2280000 383232
2310000 392531
2340000 393626
2370000 397765
2400000 404402
2430000 406461
2460000 411593
2490000 419542
2520000 425671
2550000 431328
2580000 433069
2610000 438892
2640000 444250
2670000 455678
2700000 451177
2730000 464249
2760000 474464
2790000 496060
2820000 480800
2850000 488486
2880000 497008
2910000 495016
2940000 518762
2970000 542712
3000000 538008
