0 0
30000 4146
60000 9425
90000 14919
120000 20831
150000 26320
180000 32354
210000 38331
240000 44844
270000 51375
300000 57118
330000 63191
360000 71130
390000 77225
420000 83949
450000 91036
480000 98137
510000 104969
540000 110836
570000 117649
600000 126378
630000 133023
660000 139755
690000 148503
720000 156319
750000 163145
780000 169990
810000 178448
840000 187142
870000 195184
900000 201877
930000 206000
960000 212904
990000 224510
1020000 228854
1050000 237896
1080000 245730
1110000 254464
1140000 262685
1170000 270437
1200000 280859
1230000 285528
1260000 296934
1290000 306695
1320000 313973
1350000 325245
1380000 330564
1410000 341500
1440000 346765
1470000 360827
1500000 364813
1530000 377189
1560000 381882
1590000 392483
1620000 402808
1650000 412747
1680000 422213
1710000 430300
1740000 437484
1770000 444571
1800000 457830
1830000 459304
1860000 470973
1890000 484076
1920000 491933
1950000 506551
1980000 512035
2010000 513638
2040000 527526
2070000 531142
2100000 540879
2130000 552952
2160000 564689
2190000 568545
2220000 580237
2250000 587652
2280000 605207
2310000 611679
2340000 630107
2370000 622081
2400000 640599
2430000 656200
2460000 662894
2490000 670837
2520000 689203
2550000 691002
2580000 710698
2610000 712847
2640000 726296
2670000 742262
2700000 748563
2730000 754089
2760000 770848
2790000 787212
2820000 790924
2850000 799098
2880000 810588
2910000 829476
2940000 838216
2970000 833164
3000000 853945
