0 0
30000 1175
60000 2498
90000 3953
120000 5451
150000 6754
180000 8283
210000 9617
240000 11309
270000 12930
300000 14191
330000 15493
360000 17521
390000 18649
420000 19786
450000 21235
480000 23793
510000 24942
540000 26516
570000 27263
600000 29605
630000 30520
660000 32417
690000 33237
720000 36038
750000 35934
780000 38154
810000 40056
840000 41047
870000 41659
900000 43530
930000 45649
960000 49007
990000 48416
1020000 51997
1050000 54210
1080000 54291
1110000 58060
1140000 54992
1170000 56692
1200000 60277
1230000 59572
1260000 61683
1290000 64135
1320000 66200
1350000 65374
1380000 68472
1410000 70553
1440000 74256
1470000 72669
1500000 75430
1530000 75477
1560000 78532
1590000 80639
1620000 82707
1650000 81545
1680000 85054
1710000 87051
1740000 86087
1770000 92585
1800000 90384
1830000 94453
1860000 94798
1890000 93288
1920000 99520
1950000 99650
1980000 99656
2010000 101329
2040000 107328
2070000 109839
2100000 112909
2130000 116321
2160000 112809
2190000 109049
2220000 119228
2250000 112780
2280000 114294
2310000 121057
2340000 120106
2370000 121104
2400000 124727
2430000 123577
2460000 122739
2490000 130790
2520000 128549
2550000 129473
2580000 134237
2610000 133577
2640000 136626
2670000 135717
2700000 135975
2730000 144506
2760000 144057
2790000 141291
2820000 146373
2850000 146949
2880000 158547
2910000 148192
2940000 150626
2970000 149669
3000000 154828
