0 0
30000 897
60000 2023
90000 2952
120000 4300
150000 5246
180000 6728
210000 7602
240000 8594
270000 10174
300000 10977
330000 12306
360000 13271
390000 16043
420000 17119
450000 17543
480000 18447
510000 20143
540000 21096
570000 23760
600000 26806
630000 28291
660000 27966
690000 29814
720000 30117
750000 35353
780000 31712
810000 33038
840000 41696
870000 35884
900000 38089
930000 37999
960000 38597
990000 41904
1020000 42736
1050000 44499
1080000 43945
1110000 45470
1140000 46641
1170000 48612
1200000 49009
1230000 49771
1260000 52383
1290000 53604
1320000 54644
1350000 56467
1380000 56882
1410000 59332
1440000 60329
1470000 62112
1500000 66139
1530000 64138
1560000 65577
1590000 68577
1620000 68856
1650000 76315
1680000 74996
1710000 75654
1740000 74307
1770000 75996
1800000 77441
1830000 78723
1860000 80555
1890000 85822
1920000 87117
1950000 85296
1980000 85742
2010000 87852
2040000 90787
2070000 99466
2100000 94342
2130000 91721
2160000 93831
2190000 96264
2220000 96859
2250000 106282
2280000 102066
2310000 106168
2340000 102921
2370000 102876
2400000 103913
2430000 104021
2460000 108632
2490000 111185
2520000 111982
2550000 113420
2580000 114774
2610000 120231
2640000 117510
2670000 116582
2700000 119595
2730000 119680
2760000 124377
2790000 127386
2820000 129817
2850000 125422
2880000 132686
2910000 130722
2940000 132935
2970000 131448
3000000 134834
