0 0
30000 10350
60000 20667
90000 31378
120000 42014
150000 52377
180000 62948
210000 75364
240000 84364
270000 94769
300000 105739
330000 124044
360000 135022
390000 136149
420000 149022
450000 163269
480000 170827
510000 193454
540000 191874
570000 201174
600000 210942
630000 225925
660000 239993
690000 252816
720000 257093
750000 264843
780000 278991
810000 287450
840000 299888
870000 316264
900000 336063
930000 333767
960000 345550
990000 354480
1020000 364927
1050000 373507
1080000 386537
1110000 406919
1140000 420790
1170000 417503
1200000 426231
1230000 440995
1260000 450752
1290000 461707
1320000 469401
1350000 483960
1380000 494099
1410000 505714
1440000 526996
1470000 525658
1500000 535010
1530000 543826
1560000 554903
1590000 565558
1620000 578331
1650000 595418
1680000 607438
1710000 617443
1740000 640694
1770000 641472
1800000 652132
1830000 660616
1860000 673015
1890000 681069
1920000 710235
1950000 719152
1980000 715013
2010000 726270
2040000 733326
2070000 745536
2100000 751970
2130000 764163
2160000 775233
2190000 785423
2220000 798255
2250000 806385
2280000 819135
2310000 827171
2340000 848726
2370000 856158
2400000 858652
2430000 876382
2460000 887481
2490000 895400
2520000 909604
2550000 909457
2580000 924117
2610000 932268
2640000 945232
2670000 956309
2700000 970378
2730000 984806
2760000 995189
2790000 1022607
2820000 1023414
2850000 1008973
2880000 1037916
2910000 1054025
2940000 1063150
2970000 1081334
3000000 1086569
