0 0
30000 11554
60000 23372
90000 35768
120000 47780
150000 60146
180000 71708
210000 84573
240000 97463
270000 108975
300000 121284
330000 134885
360000 147007
390000 157639
420000 172420
450000 185394
480000 196997
510000 208591
540000 229529
570000 236907
600000 244787
630000 255832
660000 270394
690000 281070
720000 295258
750000 304592
780000 318995
810000 344226
840000 342924
870000 358531
900000 373139
930000 384036
960000 398758
990000 408056
1020000 423740
1050000 429554
1080000 443319
1110000 454946
1140000 466764
1170000 478068
1200000 490514
1230000 505906
1260000 514053
1290000 527590
1320000 545946
1350000 555243
1380000 585336
1410000 590733
1440000 595072
1470000 608001
1500000 620988
1530000 630968
1560000 641965
1590000 659638
1620000 674171
1650000 687804
1680000 727118
1710000 711207
1740000 724773
1770000 744337
1800000 750527
1830000 761899
1860000 774890
1890000 787831
1920000 798200
1950000 828107
1980000 829460
2010000 836449
2040000 849476
2070000 885046
2100000 884554
2130000 890585
2160000 903178
2190000 945723
2220000 961007
2250000 937201
2280000 945586
2310000 968855
2340000 967415
2370000 969463
2400000 998925
2430000 1013310
2460000 1034519
2490000 1038147
2520000 1049397
2550000 1075914
2580000 1082513
2610000 1094125
2640000 1103740
2670000 1125441
2700000 1143442
2730000 1149896
2760000 1163465
2790000 1173521
2820000 1189981
2850000 1231670
2880000 1209066
2910000 1218431
2940000 1236028
2970000 1247931
3000000 1256606
