0 0
30000 11139
60000 20071
90000 31776
120000 46858
150000 52551
180000 68220
210000 71572
240000 82082
270000 90857
300000 104643
330000 113410
360000 127022
390000 139613
420000 149167
450000 158982
480000 167734
510000 178039
540000 187501
570000 196005
600000 203710
630000 218422
660000 228946
690000 240900
720000 253210
750000 263851
780000 273123
810000 286027
840000 310423
870000 309969
900000 318932
930000 328078
960000 357624
990000 364415
1020000 375397
1050000 381599
1080000 401031
1110000 390481
1140000 402794
1170000 406466
1200000 419524
1230000 426845
1260000 443960
1290000 448516
1320000 466900
1350000 476103
1380000 503732
1410000 515041
1440000 534486
1470000 542547
1500000 547476
1530000 564334
1560000 555986
1590000 567917
1620000 580023
1650000 588896
1680000 607058
1710000 617673
1740000 639871
1770000 642983
1800000 645353
1830000 642474
1860000 656021
1890000 665094
1920000 678971
1950000 684185
1980000 688923
2010000 700562
2040000 743668
2070000 746335
2100000 758280
2130000 763131
2160000 736799
2190000 770764
2220000 784030
2250000 793969
2280000 795261
2310000 790483
2340000 796774
2370000 806459
2400000 808850
2430000 830478
2460000 848149
2490000 851537
2520000 886253
2550000 895399
2580000 932675
2610000 919241
2640000 931658
2670000 951294
2700000 953276
2730000 955424
2760000 973800
2790000 985451
2820000 990396
2850000 1005441
2880000 1008736
2910000 1019047
2940000 1038063
2970000 1046461
3000000 1055315
