0 0
30000 10616
60000 20816
90000 34759
120000 43913
150000 51169
180000 62485
210000 72064
240000 82030
270000 93681
300000 104027
330000 114267
360000 128278
390000 135006
420000 143441
450000 160619
480000 173554
510000 182530
540000 190479
570000 208067
600000 225036
630000 250564
660000 241982
690000 235288
720000 243356
750000 256399
780000 261104
810000 279890
840000 288922
870000 298617
900000 320668
930000 378801
960000 427845
990000 463030
1020000 462270
1050000 452533
1080000 466947
1110000 477985
1140000 497990
1170000 491550
1200000 494491
1230000 500438
1260000 502967
1290000 542080
1320000 560224
1350000 551272
1380000 566257
1410000 573825
1440000 578625
1470000 588369
1500000 571711
1530000 540434
1560000 546025
1590000 561495
1620000 574260
1650000 588280
1680000 604578
1710000 626483
1740000 639160
1770000 633771
1800000 662507
1830000 672176
1860000 658461
1890000 716428
1920000 726253
1950000 739741
1980000 726231
2010000 702329
2040000 727320
2070000 729392
2100000 760445
2130000 787451
2160000 769411
2190000 772346
2220000 831774
2250000 825232
2280000 819281
2310000 826693
2340000 828222
2370000 832517
2400000 850679
2430000 862567
2460000 868351
2490000 870977
2520000 934849
2550000 934713
2580000 924043
2610000 920868
2640000 930734
2670000 950396
2700000 940077
2730000 949771
2760000 968671
2790000 972588
2820000 983052
2850000 991712
2880000 1001795
2910000 1007706
2940000 1006867
